3
4 3 2 1
-0.9095735540234656 -0.8166747279156391 -1.032563357855475 -0.2846060782912425
2.215305066718362 1.7110814334920808 1.6629382624803715 0.27052982511053875
1.2215500010704676 -0.15134429740239028 0.13172773398182377 0.7407788822294378
1.0872599571798363 -2.271746649990489 -1.0321222335792233
sigmoid
0.09887982236250155 1.3627136772978914 0.6543466020896285
2.1592199192116257 -4.264587984842725 -0.4273017074115783
-0.36180657698310587 1.5114412667756014
sigmoid
-1.8555385333790522 6.216645743397045
-1.9425293515056918
sigmoid
